3130.0 -5.381650303192709e-06
3130.097751710655 -5.425802845662033e-06
3130.1955034213097 -5.470460819753336e-06
3130.2932551319645 -5.5156316833014396e-06
3130.3910068426194 -5.561323028926272e-06
3130.4887585532742 -5.607542586914512e-06
3130.586510263929 -5.654298228172346e-06
3130.684261974584 -5.7015979672512915e-06
3130.782013685239 -5.74944996544915e-06
3130.8797653958936 -5.797862533988231e-06
3130.9775171065485 -5.8468441372729835e-06
3131.0752688172033 -5.89640339622933e-06
3131.173020527858 -5.946549091727965e-06
3131.270772238513 -5.997290168094083e-06
3131.368523949168 -6.04863573670593e-06
3131.4662756598227 -6.100595079684816e-06
3131.5640273704776 -6.153177653679117e-06
3131.6617790811324 -6.206393093745074e-06
3131.7595307917873 -6.260251217327131e-06
3131.857282502442 -6.314762028340748e-06
3131.955034213097 -6.3699357213606235e-06
3132.052785923752 -6.4257826859174884e-06
3132.1505376344066 -6.4823135109065665e-06
3132.2482893450615 -6.5395389891110804e-06
3132.3460410557163 -6.597470121844124e-06
3132.443792766371 -6.656118123712483e-06
3132.541544477026 -6.7154944275059494e-06
3132.639296187681 -6.775610689215984e-06
3132.7370478983357 -6.836478793187479e-06
3132.8347996089906 -6.898110857407726e-06
3132.9325513196454 -6.9605192389366586e-06
3133.0303030303003 -7.023716539482689e-06
3133.128054740955 -7.087715611128514e-06
3133.22580645161 -7.1525295622115295e-06
3133.323558162265 -7.2181717633634855e-06
3133.4213098729197 -7.284655853714371e-06
3133.5190615835745 -7.351995747265493e-06
3133.6168132942294 -7.420205639437048e-06
3133.714565004884 -7.4893000137955574e-06
3133.812316715539 -7.559293648966761e-06
3133.910068426194 -7.630201625739802e-06
3134.0078201368487 -7.702039334368633e-06
3134.1055718475036 -7.774822482076914e-06
3134.2033235581584 -7.848567100772748e-06
3134.3010752688133 -7.923289554979996e-06
3134.398826979468 -7.999006549992957e-06
3134.496578690123 -8.075735140261607e-06
3134.594330400778 -8.153492738014744e-06
3134.6920821114327 -8.232297122128711e-06
3134.7898338220875 -8.312166447249597e-06
3134.8875855327424 -8.393119253177094e-06
3134.985337243397 -8.475174474518605e-06
3135.083088954052 -8.558351450622282e-06
3135.180840664707 -8.64266993579825e-06
3135.2785923753618 -8.728150109837389e-06
3135.3763440860166 -8.814812588837522e-06
3135.4740957966715 -8.90267843634721e-06
3135.5718475073263 -8.991769174837652e-06
3135.669599217981 -9.08210679751365e-06
3135.767350928636 -9.173713780475e-06
3135.865102639291 -9.266613095240094e-06
3135.9628543499457 -9.360828221643877e-06
3136.0606060606005 -9.456383161122912e-06
3136.1583577712554 -9.553302450400699e-06
3136.2561094819102 -9.65161117558681e-06
3136.353861192565 -9.751334986704166e-06
3136.45161290322 -9.852500112659025e-06
3136.549364613875 -9.955133376669032e-06
3136.6471163245296 -1.0059262212165229e-05
3136.7448680351845 -1.0164914679184417e-05
3136.8426197458393 -1.0272119481269096e-05
3136.940371456494 -1.0380905982892688e-05
3137.038123167149 -1.0491304227428597e-05
3137.135874877804 -1.0603344955682271e-05
3137.2336265884587 -1.0717059625006278e-05
3137.3313782991136 -1.0832480429019146e-05
3137.4291300097684 -1.094964031794953e-05
3137.5268817204233 -1.1068573019628219e-05
3137.624633431078 -1.11893130611513e-05
3137.722385141733 -1.1311895791238744e-05
3137.820136852388 -1.1436357403313757e-05
3137.9178885630427 -1.1562734959329155e-05
3138.0156402736975 -1.1691066414368155e-05
3138.1133919843523 -1.1821390642048056e-05
3138.211143695007 -1.1953747460756486e-05
3138.308895405662 -1.2088177660751155e-05
3138.406647116317 -1.222472303215517e-05
3138.5043988269717 -1.2363426393881553e-05
3138.6021505376266 -1.25043316235218e-05
3138.6999022482814 -1.264748368823483e-05
3138.7976539589363 -1.2792928676674317e-05
3138.895405669591 -1.2940713831993849e-05
3138.993157380246 -1.309088758597113e-05
3139.090909090901 -1.3243499594294184e-05
3139.1886608015557 -1.3398600773054324e-05
3139.2864125122105 -1.3556243336492671e-05
3139.3841642228654 -1.3716480836048826e-05
3139.48191593352 -1.3879368200762798e-05
3139.579667644175 -1.4044961779082943e-05
3139.67741935483 -1.421331938213561e-05
3139.7751710654848 -1.4384500328514166e-05
3139.8729227761396 -1.4558565490647832e-05
3139.9706744867945 -1.4735577342813477e-05
3140.0684261974493 -1.4915600010856079e-05
3140.166177908104 -1.5098699323687004e-05
3140.263929618759 -1.528494286663167e-05
3140.361681329414 -1.5474400036702187e-05
3140.4594330400687 -1.5667142099873143e-05
3140.5571847507235 -1.5863242250443227e-05
3140.6549364613784 -1.6062775672568175e-05
3140.7526881720332 -1.626581960405532e-05
3140.850439882688 -1.647245340251359e-05
3140.948191593343 -1.6682758613957606e-05
3141.045943303998 -1.6896819043968687e-05
3141.1436950146526 -1.711472083152087e-05
3141.2414467253075 -1.733655252558486e-05
3141.3391984359623 -1.7562405164628033e-05
3141.436950146617 -1.7792372359134773e-05
3141.534701857272 -1.8026550377276665e-05
3141.632453567927 -1.826503823386898e-05
3141.7302052785817 -1.850793778275584e-05
3141.8279569892366 -1.875535381277386e-05
3141.9257086998914 -1.9007394147451083e-05
3142.0234604105462 -1.9264169748605797e-05
3142.121212121201 -1.9525794824017892e-05
3142.218963831856 -1.9792386939354025e-05
3142.316715542511 -2.0064067134536716e-05
3142.4144672531656 -2.0340960044757283e-05
3142.5122189638205 -2.062319402634216e-05
3142.6099706744753 -2.0910901287693107e-05
3142.70772238513 -2.1204218025532797e-05
3142.805474095785 -2.150328456669899e-05
3142.90322580644 -2.180824551574329e-05
3143.0009775170947 -2.211924990860326e-05
3143.0987292277496 -2.2436451372630902e-05
3143.1964809384044 -2.2760008293275042e-05
3143.2942326490593 -2.3090083987730884e-05
3143.391984359714 -2.342684688588629e-05
3143.489736070369 -2.3770470718911953e-05
3143.587487781024 -2.412113471586091e-05
3143.6852394916787 -2.4479023808662545e-05
3143.7829912023335 -2.4844328845916648e-05
3143.8807429129884 -2.5217246815915493e-05
3143.978494623643 -2.5597981079344408e-05
3144.076246334298 -2.598674161213672e-05
3144.173998044953 -2.6383745258984348e-05
3144.2717497556077 -2.6789215998033614e-05
3144.3695014662626 -2.7203385217324656e-05
3144.4672531769174 -2.762649200356453e-05
3144.5650048875723 -2.8058783443856774e-05
3144.662756598227 -2.850051494104562e-05
3144.760508308882 -2.895195054337046e-05
3144.858260019537 -2.9413363289165316e-05
3144.9560117301917 -2.9885035567381345e-05
3145.0537634408465 -3.036725949475394e-05
3145.1515151515014 -3.086033731048512e-05
3145.249266862156 -3.1364581789361465e-05
3145.347018572811 -3.188031667428322e-05
3145.444770283466 -3.240787712923639e-05
3145.5425219941208 -3.294761021380267e-05
3145.6402737047756 -3.349987538036589e-05
3145.7380254154305 -3.406504499524473e-05
3145.8357771260853 -3.464350488505506e-05
3145.93352883674 -3.523565490968478e-05
3146.031280547395 -3.584190956334944e-05
3146.12903225805 -3.646269860528616e-05
3146.2267839687047 -3.70984677217415e-05
3146.3245356793595 -3.774967922101087e-05
3146.4222873900144 -3.841681276339862e-05
3146.5200391006692 -3.910036612808509e-05
3146.617790811324 -3.980085601901437e-05
3146.715542521979 -4.051881891205044e-05
3146.813294232634 -4.125481194579564e-05
3146.9110459432886 -4.200941385861939e-05
3147.0087976539435 -4.278322597461222e-05
3147.1065493645983 -4.3576873241357985e-05
3147.204301075253 -4.4391005322608845e-05
3147.302052785908 -4.5226297749152404e-05
3147.399804496563 -4.608345313138142e-05
3147.4975562072177 -4.696320243731267e-05
3147.5953079178726 -4.7866306340056314e-05
3147.6930596285274 -4.879355663901092e-05
3147.7908113391823 -4.974577775935281e-05
3147.888563049837 -5.07238283347061e-05
3147.986314760492 -5.1728602878219884e-05
3148.084066471147 -5.2761033547647406e-05
3148.1818181818016 -5.382209201041644e-05
3148.2795698924565 -5.491279141510936e-05
3148.3773216031113 -5.60341884762297e-05
3148.475073313766 -5.7187385679631013e-05
3148.572825024421 -5.837353361652011e-05
3148.670576735076 -5.959383345452763e-05
3148.7683284457307 -6.08495395549662e-05
3148.8660801563856 -6.214196224607568e-05
3148.9638318670404 -6.347247076278969e-05
3149.0615835776953 -6.484249636435426e-05
3149.15933528835 -6.625353564199066e-05
3149.257086999005 -6.770715402973206e-05
3149.35483870966 -6.92049895325763e-05
3149.4525904203147 -7.07487566872004e-05
3149.5503421309695 -7.234025077167886e-05
3149.6480938416244 -7.398135228194833e-05
3149.745845552279 -7.56740316941773e-05
3149.843597262934 -7.742035453373867e-05
3149.941348973589 -7.922248677316063e-05
3150.0391006842437 -8.108270058325953e-05
3150.1368523948986 -8.30033804636515e-05
3150.2346041055534 -8.498702978101455e-05
3150.3323558162083 -8.70362777458496e-05
3150.430107526863 -8.915388686108346e-05
3150.527859237518 -9.134276087869663e-05
3150.625610948173 -9.360595330366555e-05
3150.7233626588277 -9.59466764879109e-05
3150.8211143694825 -9.836831136067393e-05
3150.9188660801374 -0.00010087441784583155
3151.016617790792 -0.00010346874602115286
3151.114369501447 -0.00010615524807943086
3151.212121212102 -0.00010893809115684647
3151.3098729227568 -0.00011182167109988958
3151.4076246334116 -0.00011481062724873291
3151.5053763440665 -0.00011790985832219683
3151.6031280547213 -0.00012112453949743428
3151.700879765376 -0.00012446014078628417
3151.798631476031 -0.00012792244681999226
3151.896383186686 -0.00013151757816477912
3151.9941348973407 -0.00013525201430267226
3152.0918866079955 -0.0001391326184252469
3152.1896383186504 -0.0001431666642025922
3152.2873900293052 -0.00014736186470610984
3152.38514173996 -0.00015172640368185376
3152.482893450615 -0.00015626896939126367
3152.58064516127 -0.0001609987912585707
3152.6783968719246 -0.00016592567958915983
3152.7761485825795 -0.0001710600686510768
3152.8739002932343 -0.00017641306344304378
3152.971652003889 -0.0001819964905072121
3153.069403714544 -0.00018782295318392885
3153.167155425199 -0.0001939058917495537
3153.2649071358537 -0.00020025964892748986
3153.3626588465086 -0.0002068995413177847
3153.4604105571634 -0.00021384193735275888
3153.5581622678183 -0.00022110434245607813
3153.655913978473 -0.00022870549216158086
3153.753665689128 -0.00023666545403729368
3153.851417399783 -0.0002450057393608422
3153.9491691104377 -0.00025374942560659256
3154.0469208210925 -0.000262921290934282
3154.1446725317473 -0.0002725479620158795
3154.242424242402 -0.0002826580767045716
3154.340175953057 -0.00029328246324016895
3154.437927663712 -0.00030445433790241434
3154.5356793743667 -0.0003162095232718192
3154.6334310850216 -0.00032858668954160823
3154.7311827956764 -0.0003416276216498283
3154.8289345063313 -0.0003553775153743593
3154.926686216986 -0.00036988530596333255
3155.024437927641 -0.00038520403336860144
3155.122189638296 -0.00040139124872137896
3155.2199413489507 -0.00041850946734995866
3155.3176930596055 -0.00043662667440494955
3155.4154447702604 -0.00045581689004601985
3155.513196480915 -0.0004761608021775501
3155.61094819157 -0.0004977464759249494
3155.708699902225 -0.0005206701504498353
3155.8064516128798 -0.0005450371353483201
3155.9042033235346 -0.0005709628208072883
3156.0019550341895 -0.0005985738179631444
3156.0997067448443 -0.0006280092485817538
3156.197458455499 -0.0006594222063368632
3156.295210166154 -0.0006929814157040177
3156.392961876809 -0.0007288731189260028
3156.4907135874637 -0.0007673032267885353
3156.5884652981185 -0.0008084997752484368
3156.6862170087734 -0.0008527157374987256
3156.7839687194282 -0.0009002322501048731
3156.881720430083 -0.0009513623227367748
3156.979472140738 -0.0010064551141653578
3157.077223851393 -0.0010659008731065277
3157.1749755620476 -0.001130136661823122
3157.2727272727025 -0.0011996530039467563
3157.3704789833573 -0.0012750016267755637
3157.468230694012 -0.0013568045036300171
3157.565982404667 -0.0014457644453442099
3157.663734115322 -0.0015426775437205153
3157.7614858259767 -0.0016484478364515772
3157.8592375366316 -0.0017641046460468712
3157.9569892472864 -0.0018908231491208797
3158.0547409579412 -0.0020299488627480524
3158.152492668596 -0.002183026898942967
3158.250244379251 -0.002351837046462301
3158.347996089906 -0.0025384360039000225
3158.4457478005606 -0.00274520842642571
3158.5434995112155 -0.002974928883003302
3158.6412512218703 -0.0032308373815155564
3158.739002932525 -0.0035167318460619587
3158.83675464318 -0.0038370818777994638
3158.934506353835 -0.004197169371007735
3159.0322580644897 -0.004603263188533188
3159.1300097751446 -0.00506283726010771
3159.2277614857994 -0.005584844337200347
3159.3255131964543 -0.0061800614707838795
3159.423264907109 -0.006861528418480027
3159.521016617764 -0.007645107106713306
3159.618768328419 -0.008550199614518864
3159.7165200390737 -0.00960067477679936
3159.8142717497285 -0.010826070580315742
3159.9120234603834 -0.01226316253577925
3160.009775171038 -0.01395801897622113
3160.107526881693 -0.01596870474351185
3160.205278592348 -0.018368846559402307
3160.3030303030027 -0.02125233615604072
3160.4007820136576 -0.024739514873130867
3160.4985337243124 -0.02898523544010924
3160.5962854349673 -0.03418917874393853
3160.694037145622 -0.04060858468233379
3160.791788856277 -0.04857283740721136
3160.889540566932 -0.05849746623287096
3160.9872922775867 -0.07089067932611677
3161.0850439882415 -0.08633569213807336
3161.1827956988964 -0.105411567119465
3161.280547409551 -0.1284760135832409
3161.378299120206 -0.1551700301004671
3161.476050830861 -0.18344052520309384
3161.5738025415158 -0.2079532974915005
3161.6715542521706 -0.2183961665226309
3161.7693059628255 -0.19991036080645214
3161.8670576734803 -0.13976133837904653
3161.964809384135 -0.04074299220752538
3162.06256109479 0.07121721081071207
3162.160312805445 0.16102051807796078
3162.2580645160997 0.20884897987986517
3162.3558162267545 0.21764981967827343
3162.4535679374094 0.20191113958368864
3162.5513196480642 0.17554431249861607
3162.649071358719 0.14735335739171626
3162.746823069374 0.1215656775887288
3162.844574780029 0.09962569260803672
3162.9423264906836 0.08161801115525744
3163.0400782013385 0.06708833579808318
3163.1378299119933 0.05544244883552343
3163.235581622648 0.04611379629040724
3163.333333333303 0.03861984058368063
3163.431085043958 0.03257035011602879
3163.5288367546127 0.027657653164646655
3163.6265884652676 0.023642039389844542
3163.7243401759224 0.02033756045103679
3163.8220918865773 0.01759996353506849
3163.919843597232 0.015317037231399955
3164.017595307887 0.013401116401653692
3164.115347018542 0.011783350690533462
3164.2130987291966 0.010409351738807455
3164.3108504398515 0.009235894036983099
3164.4086021505063 0.00822841183976714
3164.506353861161 0.007359094539792849
3164.604105571816 0.006605431473210814
3164.701857282471 0.005949094718837702
3164.7996089931257 0.005375076848403628
3164.8973607037806 0.00487102176333926
3164.9951124144354 0.004426702449489343
3165.0928641250903 0.004033611088117067
3165.190615835745 0.003684635547736521
3165.2883675464 0.0033738026458233535
3165.386119257055 0.0030960733021087273
3165.4838709677097 0.002847178238161018
3165.5816226783645 0.0026234855270357497
3165.6793743890194 0.0024218932924622207
3165.777126099674 0.002239742367875438
3165.874877810329 0.002074744875113325
3165.972629520984 0.0019249255616007026
3166.0703812316387 0.001788573410364933
3166.1681329422936 0.0016642015589555478
3166.2658846529484 0.0015505139682578477
3166.3636363636033 0.0014463775979600935
3166.461388074258 0.0013507990928393178
3166.559139784913 0.0012629051787619563
3166.656891495568 0.001181926121252276
3166.7546432062227 0.0011071817217311916
3166.8523949168775 0.0010380694240114442
3166.9501466275324 0.0009740541816891055
3167.047898338187 0.0009146597998181661
3167.145650048842 0.0008594615148919378
3167.243401759497 0.000808079618173159
3167.3411534701518 0.0007601739607625211
3167.4389051808066 0.0007154392060032095
3167.5366568914615 0.0006736007170938722
3167.6344086021163 0.00063441098607935
3167.732160312771 0.0005976465254666302
3167.829912023426 0.0005631051561780553
3167.927663734081 0.0005306036358892641
3168.0254154447357 0.0004999755803946856
3168.1231671553905 0.0004710696378120972
3168.2209188660454 0.0004437478814332692
3168.3186705767002 0.0004178843920554898
3168.416422287355 0.00039336400485612825
3168.51417399801 0.00037008119943565264
3168.611925708665 0.00034793911466547846
3168.7096774193196 0.00032684867252720095
3168.8074291299745 0.00030672779729469903
3168.9051808406293 0.0002875007182524665
3169.002932551284 0.0002690973457138542
3169.100684261939 0.0002514527114444297
3169.198435972594 0.00023450646574388115
3169.2961876832487 0.00021820242442442705
3169.3939393939036 0.0002024881597692864
3169.4916911045584 0.0001873146302820974
3169.5894428152133 0.00017263584466464333
3169.687194525868 0.00015840855600042676
3169.784946236523 0.0001445919825878282
3169.882697947178 0.00013114755226914136
3169.9804496578327 0.00011803866744946367
3170.0782013684875 0.00010523048829959615
3170.1759530791423 9.26897318960362e-05
3170.273704789797 8.038448527412199e-05
3170.371456500452 6.828403056183464e-05
3170.469208211107 5.6358680525481925e-05
3170.5669599217617 4.4579622997615235e-05
3170.6647116324166 3.291877277472063e-05
3170.7624633430714 2.134862966967577e-05
3170.8602150537263 9.842141483475428e-06
3170.957966764381 -1.6274292762409641e-06
3171.055718475036 -1.3086636054636383e-05
3171.153470185691 -2.456197737866684e-05
3171.2512218963457 -3.6080025527862986e-05
3171.3489736070005 -4.76675558133713e-05
3171.4467253176554 -5.935167753938925e-05
3171.54447702831 -7.115996774236442e-05
3171.642228738965 -8.312060883852684e-05
3171.73998044962 -9.526253136009917e-05
3171.8377321602748 -0.00010761556302579845
3171.9354838709296 -0.00012021058547316533
3172.0332355815844 -0.00013307970008035665
3172.1309872922393 -0.00014625640442515907
3172.228739002894 -0.00015977578107138126
3172.326490713549 -0.00017367470054017382
3172.424242424204 -0.00018799204051945853
3172.5219941348587 -0.0002027689235923614
3172.6197458455135 -0.00021804897602991342
3172.7174975561684 -0.00023387861049971626
3172.8152492668232 -0.0002503073358971582
3172.913000977478 -0.00026738809791667197
3173.010752688133 -0.0002851776544564237
3173.1085043987878 -0.0003037369905012899
3173.2062561094426 -0.00032313177776863573
3173.3040078200975 -0.00034343288514418897
3173.4017595307523 -0.00036471694679901116
3173.499511241407 -0.0003870669958844352
3173.597262952062 -0.0004105731728752154
3173.695014662717 -0.00043533351900239736
3173.7927663733717 -0.00046145486682301574
3173.8905180840266 -0.0004890538418574999
3173.9882697946814 -0.0005182579914405052
3174.0860215053362 -0.0005492070595407226
3174.183773215991 -0.0005820544293875432
3174.281524926646 -0.0006169687593914834
3174.379276637301 -0.0006541358421758228
3174.4770283479556 -0.0006937607216893383
3174.5747800586105 -0.0007360701095163916
3174.6725317692653 -0.0007813151488525893
3174.77028347992 -0.000829774583432755
3174.868035190575 -0.0008817583993061264
3174.96578690123 -0.0009376120201525237
3175.0635386118847 -0.0009977211523224307
3175.1612903225396 -0.0010625173945880894
3175.2590420331944 -0.001132484750495531
3175.3567937438493 -0.001208167209195759
3175.454545454504 -0.0012901775949544063
3175.552297165159 -0.001379207927775717
3175.650048875814 -0.0014760415897449584
3175.7478005864687 -0.001581567656372057
3175.8455522971235 -0.0016967978327209793
3175.9433040077784 -0.0018228865347066213
3176.041055718433 -0.0019611547821694717
3176.138807429088 -0.00211311872940128
3176.236559139743 -0.0022805238601090218
3176.3343108503977 -0.002465386129735486
3176.4320625610526 -0.0026700416649182023
3176.5298142717074 -0.0028972070492905093
3176.6275659823623 -0.003150052765611189
3176.725317693017 -0.0034322930648881343
3176.823069403672 -0.0037482964455329342
3176.920821114327 -0.004103222119573335
3177.0185728249817 -0.004503189413352909
3177.1163245356365 -0.004955489125950351
3177.2140762462914 -0.0054688486258283805
3177.311827956946 -0.006053766145875878
3177.409579667601 -0.006722934668984112
3177.507331378256 -0.007491782432145764
3177.6050830889108 -0.00837916603254431
3177.7028347995656 -0.009408264227326964
3177.8005865102205 -0.010607736890361166
3177.8983382208753 -0.012013235665734664
3177.99608993153 -0.01366938241927397
3178.093841642185 -0.015632370622138955
3178.19159335284 -0.017973395001927246
3178.2893450634947 -0.020783176217783184
3178.3870967741495 -0.024177915032773476
3178.4848484848044 -0.02830706684072414
3178.5826001954592 -0.03336332472920269
3178.680351906114 -0.03959502139794143
3178.778103616769 -0.04732053999777226
3178.875855327424 -0.056942669166428046
3178.9736070380786 -0.06895688115581892
3179.0713587487335 -0.08393866553488463
3179.1691104593883 -0.10247643379211413
3179.266862170043 -0.1249803864428082
3179.364613880698 -0.15123734167072786
3179.462365591353 -0.1795134817862794
3179.5601173020077 -0.20504669123187713
3179.6578690126626 -0.21828333930762486
3179.7556207233174 -0.2047864650403217
3179.8533724339723 -0.15081022327086152
3179.951124144627 -0.05616527454076652
3180.048875855282 0.056165274439231895
3180.146627565937 0.15081022320002163
3180.2443792765916 0.2047864650104874
3180.3421309872465 0.21828333930998983
3180.4398826979013 0.2050466912518269
3180.537634408556 0.17951348181237256
3180.635386119211 0.15123734169654435
3180.733137829866 0.12498038646560623
3180.8308895405207 0.10247643381117234
3180.9286412511756 0.08393866555039196
3181.0263929618304 0.06895688116828401
3181.1241446724853 0.05694266917640947
3181.22189638314 0.04732054000577295
3181.319648093795 0.0395950214043789
3181.41739980445 0.03336332473441044
3181.5151515151047 0.028307066844963483
3181.6129032257595 0.024177915036247465
3181.7106549364144 0.020783176220649242
3181.808406647069 0.0179733950043076
3181.906158357724 0.015632370624128825
3182.003910068379 0.013669382420947866
3182.1016617790337 0.012013235667151238
3182.1994134896886 0.010607736891566862
3182.2971652003434 0.009408264228358778
3182.3949169109983 0.00837916603343189
3182.492668621653 0.007491782432913029
3182.590420332308 0.006722934669650449
3182.688172042963 0.006053766146457127
3182.7859237536177 0.005468848626337524
3182.8836754642725 0.004955489126398101
3182.9814271749274 0.004503189413748155
3183.079178885582 0.004103222119923487
3183.176930596237 0.003748296445844187
3183.274682306892 0.0034322930651657065
3183.3724340175468 0.0031500527658594913
3183.4701857282016 0.0028972070495132817
3183.5679374388565 0.002670041665118635
3183.6656891495113 0.0024653861299163016
3183.763440860166 0.0022805238602725633
3183.861192570821 0.0021131187295495633
3183.958944281476 0.001961154782304238
3184.0566959921307 0.0018228865348293838
3184.1544477027855 0.001696797832833051
3184.2521994134404 0.0015815676564745868
3184.3499511240952 0.0014760415898389505
3184.44770283475 0.0013792079278620534
3184.545454545405 0.0012901775950338614
3184.64320625606 0.0012081672092690184
3184.7409579667146 0.001132484750563198
3184.8387096773695 0.0010625173946507034
3184.9364613880243 0.0009977211523804668
3185.034213098679 0.0009376120202064071
3185.131964809334 0.0008817583993562365
3185.229716519989 0.0008297745834794312
3185.3274682306437 0.0007813151488961359
3185.4252199412986 0.0007360701095570817
3185.5229716519534 0.0006937607217274177
3185.6207233626083 0.0006541358422115137
3185.718475073263 0.000616968759424986
3185.816226783918 0.000582054429419039
3185.913978494573 0.0005492070595703763
3186.0117302052277 0.000518257991468466
3186.1094819158825 0.0004890538418839044
3186.2072336265373 0.00046145486684798795
3186.304985337192 0.0004353335190260504
3186.402737047847 0.00041057317289765357
3186.500488758502 0.0003870669959057533
3186.5982404691567 0.00036471694681929664
3186.6959921798116 0.00034343288516352214
3186.7937438904664 0.0003231317777870912
3186.8914956011213 0.00030373699051893584
3186.989247311776 0.00028517765447332375
3187.086999022431 0.0002673880979328847
3187.184750733086 0.0002503073359127384
3187.2825024437407 0.00023387861051471506
3187.3802541543955 0.00021804897604437825
3187.4780058650504 0.00020276892360633717
3187.575757575705 0.0001879920405329869
3187.67350928636 0.00017367470055329405
3187.771260997015 0.00015977578108413077
3187.8690127076698 0.00014625640443757272
3187.9667644183246 0.00013307970009246802
3188.0645161289794 0.00012021058548500639
3188.1622678396343 0.0001076155630373996
3188.260019550289 9.526253137148977e-05
3188.357771260944 8.312060884973494e-05
3188.455522971599 7.115996775341748e-05
3188.5532746822537 5.935167755031365e-05
3188.6510263929085 4.766755582419317e-05
3188.7487781035634 3.6080025538607646e-05
3188.8465298142182 2.4561977389359443e-05
3188.944281524873 1.308663606530153e-05
3189.042033235528 1.6274292869034418e-06
3189.1397849461828 -9.842141472790849e-06
3189.2375366568376 -2.1348629658944467e-05
3189.3352883674925 -3.291877276391763e-05
3189.4330400781473 -4.4579622986715134e-05
3189.530791788802 -5.635868051445892e-05
3189.628543499457 -6.828403055066226e-05
3189.726295210112 -8.038448526277307e-05
3189.8240469207667 -9.268973188448255e-05
3189.9217986314216 -0.0001052304882878087
3190.0195503420764 -0.00011803866743741225
3190.1173020527312 -0.00013114755225679403
3190.215053763386 -0.0001445919825751522
3190.312805474041 -0.00015840855598738685
3190.410557184696 -0.00017263584465120253
3190.5083088953506 -0.00018731463026821693
3190.6060606060055 -0.00020248815975492458
3190.7038123166603 -0.00021820242440953973
3190.801564027315 -0.00023450646572842113
3190.89931573797 -0.0002514527114283468
3190.997067448625 -0.0002690973456970941
3191.0948191592797 -0.00028750071823497095
3191.1925708699346 -0.00030672779727640534
3191.2903225805894 -0.00032684867250804125
3191.3880742912443 -0.0003479391146453798
3191.485826001899 -0.0003700811994145351
3191.583577712554 -0.0003933640048339054
3191.681329423209 -0.0004178843920320681
3191.7790811338637 -0.0004437478814085456
3191.8768328445185 -0.0004710696377859602
3191.9745845551734 -0.0004999755803670124
3192.072336265828 -0.000530603635859921
3192.170087976483 -0.0005631051561468938
3192.267839687138 -0.0005976465254334881
3192.3655913977927 -0.0006344109860440487
3192.4633431084476 -0.0006736007170562136
3192.5610948191024 -0.0007154392059629755
3192.6588465297573 -0.000760173960719469
3192.756598240412 -0.0008080796181270198
3192.854349951067 -0.0008594615148424117
3192.952101661722 -0.0009146597997649194
3193.0498533723767 -0.0009740541816317638
3193.1476050830315 -0.0010380694239495905
3193.2453567936864 -0.0011071817216643568
3193.343108504341 -0.0011819261211799314
3193.440860214996 -0.001262905178683507
3193.538611925651 -0.0013507990927540921
3193.6363636363058 -0.0014463775978673299
3193.7341153469606 -0.0015505139681566788
3193.8318670576155 -0.0016642015588449886
3193.9296187682703 -0.001788573410243857
3194.027370478925 -0.0019249255614678204
3194.12512218958 -0.0020747448749671546
3194.222873900235 -0.0022397423677142712
3194.3206256108897 -0.0024218932922840833
3194.4183773215445 -0.0026234855268383486
3194.5161290321994 -0.002847178237941686
3194.6138807428542 -0.0030960733018643486
3194.711632453509 -0.0033738026455502686
3194.809384164164 -0.0036846355474304208
3194.907135874819 -0.0040336110877728605
3195.0048875854736 -0.004426702449100978
3195.1026392961285 -0.004871021762899513
3195.2003910067833 -0.005375076847903839
3195.298142717438 -0.005949094718267438
3195.395894428093 -0.006605431472557436
3195.493646138748 -0.007359094539040963
3195.5913978494027 -0.0082284118388979
3195.6891495600576 -0.009235894035973297
3195.7869012707124 -0.010409351737628322
3195.8846529813673 -0.011783350689149163
3195.982404692022 -0.013401116400019238
3196.080156402677 -0.015317037229458597
3196.177908113332 -0.01759996353274821
3196.2756598239866 -0.020337560448245594
3196.3734115346415 -0.02364203938646445
3196.4711632452963 -0.027657653160525736
3196.568914955951 -0.032570350110971084
3196.666666666606 -0.038619840577433805
3196.764418377261 -0.04611379628264876
3196.8621700879157 -0.055442448825847986
3196.9599217985706 -0.06708833578599907
3197.0576735092254 -0.08161801114020986
3197.1554252198803 -0.09962569258949892
3197.253176930535 -0.12156567756644104
3197.35092864119 -0.14735335736621943
3197.448680351845 -0.17554431247227914
3197.5464320624997 -0.20191113956230938
3197.6441837731545 -0.217649819672583
3197.7419354838094 -0.20884897990438359
3197.839687194464 -0.16102051814312882
3197.937438905119 -0.07121721090946663
3198.035190615774 0.040742992103850566
3198.1329423264287 0.13976133830273058
3198.2306940370836 0.19991036077110336
3198.3284457477384 0.21839616652136887
3198.4261974583933 0.20795329750979394
3198.523949169048 0.18344052522881943
3198.621700879703 0.15517003012655173
3198.719452590358 0.12847601360653615
3198.8172043010127 0.10541156713904767
3198.9149560116675 0.08633569215405021
3199.0127077223224 0.07089067933897326
3199.110459432977 0.058497466243167595
3199.208211143632 0.04857283741546175
3199.305962854287 0.040608584688967796
3199.4037145649418 0.03418917874930076
3199.5014662755966 0.0289852354444703
3199.5992179862515 0.02473951487670113
3199.6969696969063 0.021252336158983337
3199.794721407561 0.01836884656184389
3199.892473118216 0.01596870474555098
3199.990224828871 0.013958018977934894
3200.0879765395257 0.012263162537228268
3200.1857282501805 0.010826070581547994
3200.2834799608354 0.009600674777853025
3200.3812316714902 0.00855019961542451
3200.478983382145 0.007645107107495563
3200.5767350928 0.006861528419158865
3200.674486803455 0.006180061471375582
3200.7722385141096 0.005584844337718256
3200.8699902247645 0.005062837260562829
3200.9677419354193 0.004603263188934638
3201.065493646074 0.004197169371363108
3201.163245356729 0.0038370818781151184
3201.260997067384 0.003516731846343236
3201.3587487780387 0.003230837381766969
3201.4565004886936 0.0029749288832286776
3201.5542521993484 0.002745208426628306
3201.6520039100033 0.002538436004082623
3201.749755620658 0.002351837046627298
3201.847507331313 0.0021830268990924166
3201.945259041968 0.0020299488628837317
3202.0430107526226 0.00189082314924433
3202.1407624632775 0.0017641046461594307
3202.2385141739323 0.0016484478365544155
3202.336265884587 0.0015426775438146553
3202.434017595242 0.001445764445430548
3202.531769305897 0.0013568045037093417
3202.6295210165517 0.0012750016268485694
3202.7272727272066 0.0011996530040140575
3202.8250244378614 0.0011301366618852637
3202.9227761485163 0.0010659008731639934
3203.020527859171 0.0010064551142185776
3203.118279569826 0.0009513623227861332
3203.216031280481 0.0009002322501507129
3203.3137829911357 0.0008527157375413547
3203.4115347017905 0.0008084997752881299
3203.5092864124454 0.0007673032268255411
3203.6070381231 0.0007288731189605444
3203.704789833755 0.0006929814157362963
3203.80254154441 0.0006594222063670608
3203.9002932550648 0.0006280092486100359
3203.9980449657196 0.0005985738179896601
3204.0957966763744 0.0005709628208321734
3204.1935483870293 0.0005450371353716979
3204.291300097684 0.0005206701504718183
3204.389051808339 0.0004977464759456399
3204.486803518994 0.0004761608021970418
3204.5845552296487 0.00045581689006439805
3204.6823069403035 0.0004366266744222933
3204.7800586509584 0.00041850946736633933
3204.8778103616132 0.00040139124873686267
3204.975562072268 0.0003852040333832489
3205.073313782923 0.00036988530597719944
3205.1710654935778 0.00035537751538749704
3205.2688172042326 0.0003416276216622843
3205.3665689148875 0.0003285866895534261
3205.4643206255423 0.0003162095232830395
3205.562072336197 0.0003044543379130743
3205.659824046852 0.0002932824632503033
3205.757575757507 0.0002826580767142126
3205.8553274681617 0.00027254796202505645
3205.9530791788166 0.0002629212909430229
3206.0508308894714 0.00025374942561492297
3206.1485826001262 0.0002450057393687861
3206.246334310781 0.00023666545404487318
3206.344086021436 0.0002287054921688168
3206.441837732091 0.0002211043424629898
3206.5395894427456 0.0002138419373593643
3206.6373411534005 0.00020689954132410064
3206.7350928640553 0.00020025964893353215
3206.83284457471 0.00019390589175533697
3206.930596285365 0.00018782295318946695
3207.02834799602 0.00018199649051251805
3207.1260997066747 0.00017641306344812956
3207.2238514173296 0.00017106006865595384
3207.3216031279844 0.00016592567959383862
3207.4193548386393 0.0001609987912630615
3207.517106549294 0.0001562689693955758
3207.614858259949 0.000151726403685996
3207.712609970604 0.00014736186471009057
3207.8103616812587 0.0001431666642064193
3207.9081133919135 0.00013913261842892765
3208.0058651025684 0.00013525201430621372
3208.103616813223 0.00013151757816818783
3208.201368523878 0.00012792244682327444
3208.299120234533 0.00012446014078944565
3208.3968719451877 0.00012112453950048064
3208.4946236558426 0.00011790985832513327
3208.5923753664974 0.00011481062725156439
3208.6901270771523 0.0001118216711026208
3208.787878787807 0.00010893809115948185
3208.885630498462 0.00010615524808197462
3208.983382209117 0.00010346874602360888
3209.0811339197717 0.00010087441784820372
3209.1788856304265 9.83683113629658e-05
3209.2766373410814 9.594667649012586e-05
3209.374389051736 9.360595330580678e-05
3209.472140762391 9.134276088076724e-05
3209.569892473046 8.91538868630864e-05
3209.6676441837008 8.703627774778758e-05
3209.7653958943556 8.498702978289026e-05
3209.8631476050105 8.300338046546743e-05
3209.9608993156653 8.108270058501809e-05
3210.05865102632 7.922248677486404e-05
3210.156402736975 7.742035453538911e-05
3210.25415444763 7.567403169577682e-05
3210.3519061582847 7.39813522834989e-05
3210.4496578689395 7.234025077318235e-05
3210.5474095795944 7.074875668865869e-05
3210.6451612902492 6.9204989533991e-05
3210.742913000904 6.770715403110484e-05
3210.840664711559 6.625353564332308e-05
3210.938416422214 6.48424963656478e-05
3211.0361681328686 6.347247076404579e-05
3211.1339198435235 6.214196224729567e-05
3211.2316715541783 6.084953955615142e-05
3211.329423264833 5.9593833455679286e-05
3211.427174975488 5.837353361763943e-05
3211.524926686143 5.7187385680719105e-05
3211.6226783967977 5.603418847728768e-05
3211.7204301074526 5.491279141613828e-05
3211.8181818181074 5.382209201141729e-05
3211.9159335287623 5.2761033548621135e-05
3212.013685239417 5.172860287916748e-05
3212.111436950072 5.0723828335628356e-05
3212.209188660727 4.974577776025065e-05
3212.3069403713816 4.879355663988512e-05
3212.4046920820365 4.786630634090768e-05
3212.5024437926913 4.696320243814193e-05
3212.600195503346 4.608345313218933e-05
3212.697947214001 4.522629774993964e-05
3212.795698924656 4.439100532337606e-05
3212.8934506353107 4.357687324210584e-05
3212.9912023459656 4.278322597534131e-05
3213.0889540566204 4.200941385933033e-05
3213.1867057672753 4.125481194648899e-05
3213.28445747793 4.051881891272676e-05
3213.382209188585 3.980085601967416e-05
3213.47996089924 3.9100366128728906e-05
3213.5777126098947 3.841681276402687e-05
3213.6754643205495 3.774967922162411e-05
3213.7732160312044 3.709846772234012e-05
3213.870967741859 3.646269860587064e-05
3213.968719452514 3.58419095639202e-05
3214.066471163169 3.5235654910242245e-05
3214.1642228738237 3.464350488559957e-05
3214.2619745844786 3.4065044995776704e-05
3214.3597262951334 3.349987538088566e-05
3214.4574780057883 3.2947610214310615e-05
3214.555229716443 3.240787712973285e-05
3214.652981427098 3.1880316674768513e-05
3214.750733137753 3.1364581789835925e-05
3214.8484848484077 3.086033731094903e-05
3214.9462365590625 3.0367259495207622e-05
3215.0439882697174 2.9885035567825045e-05
3215.141739980372 2.9413363289599356e-05
3215.239491691027 2.8951950543795074e-05
3215.337243401682 2.85005149414611e-05
3215.4349951123368 2.8058783444263326e-05
3215.5327468229916 2.7626492003962436e-05
3215.6304985336465 2.7203385217714125e-05
3215.7282502443013 2.678921599841488e-05
3215.826001954956 2.638374525935762e-05
3215.923753665611 2.5986741612502225e-05
3216.021505376266 2.5597981079702357e-05
3216.1192570869207 2.521724681626606e-05
3216.2170087975755 2.4844328846260045e-05
3216.3147605082304 2.4479023808998945e-05
3216.4125122188852 2.4121134716190512e-05
3216.51026392954 2.3770470719234913e-05
3216.608015640195 2.3426846886202783e-05
3216.70576735085 2.309008398804107e-05
3216.8035190615046 2.2760008293579103e-05
3216.9012707721595 2.2436451372928963e-05
3216.9990224828143 2.2119249908895488e-05
3217.096774193469 2.1808245516029817e-05
3217.194525904124 2.1503284566979963e-05
3217.292277614779 2.120421802580835e-05
3217.3900293254337 2.0910901287963385e-05
3217.4877810360886 2.062319402660727e-05
3217.5855327467434 2.034096004501737e-05
3217.6832844573983 2.0064067134791896e-05
3217.781036168053 1.979238693960441e-05
3217.878787878708 1.9525794824263606e-05
3217.976539589363 1.9264169748846937e-05
3218.0742913000176 1.900739414768777e-05
3218.1720430106725 1.8755353813006195e-05
3218.2697947213273 1.8507937782983928e-05
3218.367546431982 1.8265038234092913e-05
3218.465298142637 1.802655037749654e-05
3218.563049853292 1.7792372359350678e-05
3218.6608015639467 1.7562405164840072e-05
3218.7585532746016 1.7336552525793105e-05
3218.8563049852564 1.7114720831725424e-05
3218.9540566959113 1.6896819044169616e-05
3219.051808406566 1.6682758614155015e-05
3219.149560117221 1.6472453402707537e-05
3219.247311827876 1.626581960424589e-05
3219.3450635385307 1.6062775672755444e-05
3219.4428152491855 1.5863242250627263e-05
3219.5405669598404 1.5667142100054025e-05
3219.638318670495 1.5474400036879976e-05
3219.73607038115 1.5284942866806445e-05
3219.833822091805 1.5098699323858811e-05
3219.9315738024598 1.4915600011025001e-05
3220.0293255131146 1.473557734297956e-05
3220.1270772237694 1.4558565490811152e-05
3220.2248289344243 1.4384500328674765e-05
3220.322580645079 1.4213319382293556e-05
3220.420332355734 1.4044961779238284e-05
3220.518084066389 1.3879368200915602e-05
3220.6158357770437 1.3716480836199139e-05
3220.7135874876985 1.3556243336640538e-05
3220.8113391983534 1.339860077319981e-05
3220.9090909090082 1.3243499594437324e-05
3221.006842619663 1.3090887586111981e-05
3221.104594330318 1.2940713832132455e-05
3221.2023460409728 1.2792928676810723e-05
3221.3000977516276 1.2647483688369082e-05
3221.3978494622825 1.250433162365394e-05
3221.4956011729373 1.2363426394011621e-05
3221.593352883592 1.2224723032283209e-05
3221.691104594247 1.2088177660877209e-05
3221.788856304902 1.1953747460880593e-05
3221.8866080155567 1.1821390642170247e-05
3221.9843597262116 1.1691066414488482e-05
3222.0821114368664 1.156273495944764e-05
3222.1798631475212 1.143635740343044e-05
3222.277614858176 1.1311895791353667e-05
3222.375366568831 1.118931306126449e-05
3222.473118279486 1.1068573019739714e-05
3222.5708699901406 1.0949640318059354e-05
3222.6686217007955 1.0832480429127337e-05
3222.7663734114503 1.071705962511287e-05
3222.864125122105 1.0603344955787288e-05
3222.96187683276 1.0491304227532072e-05
3223.059628543415 1.0380905982994649e-05
3223.1573802540697 1.027211948136957e-05
3223.2551319647246 1.0164914679283434e-05
3223.3528836753794 1.0059262212262814e-05
3223.4506353860343 9.955133376765216e-06
3223.548387096689 9.852500112753829e-06
3223.646138807344 9.75133498679762e-06
3223.743890517999 9.651611175678929e-06
3223.8416422286537 9.553302450491514e-06
3223.9393939393085 9.45638316121245e-06
3224.0371456499633 9.360828221732155e-06
3224.134897360618 9.26661309532714e-06
3224.232649071273 9.17371378056083e-06
3224.330400781928 9.082106797598287e-06
3224.4281524925827 8.991769174921119e-06
3224.5259042032376 8.902678436429528e-06
3224.6236559138924 8.814812588918712e-06
3224.7214076245473 8.728150109917467e-06
3224.819159335202 8.642669935877242e-06
3224.916911045857 8.5583514507002e-06
3225.014662756512 8.475174474595466e-06
3225.1124144671667 8.393119253252924e-06
3225.2101661778215 8.312166447324408e-06
3225.3079178884764 8.232297122202528e-06
3225.405669599131 8.153492738087575e-06
3225.503421309786 8.075735140333475e-06
3225.601173020441 7.999006550063876e-06
3225.6989247310958 7.923289555049978e-06
3225.7966764417506 7.848567100841813e-06
3225.8944281524055 7.774822482145073e-06
3225.9921798630603 7.70203933443591e-06
3226.089931573715 7.630201625806203e-06
3226.18768328437 7.559293649032306e-06
3226.285434995025 7.48930001386026e-06
3226.3831867056797 7.420205639500922e-06
3226.4809384163345 7.3519957473285505e-06
3226.5786901269894 7.2846558537766265e-06
3226.6764418376442 7.21817176342495e-06
3226.774193548299 7.152529562272215e-06
3226.871945258954 7.087715611188435e-06
3226.969696969609 7.023716539541857e-06
3227.0674486802636 6.960519238995091e-06
3227.1652003909185 6.898110857465428e-06
3227.2629521015733 6.836478793244463e-06
3227.360703812228 6.775610689272264e-06
3227.458455522883 6.715494427561537e-06
3227.556207233538 6.656118123767385e-06
3227.6539589441927 6.5974701218983575e-06
3227.7517106548476 6.539538989164649e-06
3227.8494623655024 6.482313510959486e-06
3227.9472140761573 6.425782685969766e-06
3228.044965786812 6.3699357214122705e-06
3228.142717497467 6.314762028391773e-06
3228.240469208122 6.260251217377544e-06
3228.3382209187766 6.206393093794883e-06
3228.4359726294315 6.153177653728333e-06
3228.5337243400863 6.100595079733449e-06
3228.631476050741 6.048635736753987e-06
3228.729227761396 5.9972901681415715e-06
3228.826979472051 5.9465490917749005e-06
3228.9247311827057 5.896403396275712e-06
3229.0224828933606 5.846844137318825e-06
3229.1202346040154 5.7978625340335356e-06
3229.2179863146703 5.749449965493933e-06
3229.315738025325 5.701597967295556e-06
3229.41348973598 5.654298228216101e-06
3229.511241446635 5.607542586957761e-06
3229.6089931572897 5.5613230289690266e-06
3229.7067448679445 5.515631683343708e-06
3229.8044965785994 5.470460819795123e-06
3229.902248289254 5.425802845703345e-06
3229.999999999909 5.381650303233555e-06
