0.2533933666543605
0.2449904764980713
0.24648910672208543
0.25598938507974206
0.23932468091073003
0.2422363196715629
0.2478548885342874
0.23282496427304725
0.23750711105302935
0.23271308791980128
0.22339834892808855
0.21031781813537168
0.22085146778178166
0.20287331764397576
0.19413703277855135
0.18181901287540622
0.19570695633332938
0.18236548988003154
0.16508121280067917
0.18037374045327703
0.15402298354887842
0.1508219333443328
0.17102290423147234
0.14123743308893988
0.13178956900057992
0.1059409470819143
0.11032662104151511
0.10354982416599078
0.08985372783138901
0.09824137246851308
0.08284275127575008
0.08201347810988155
0.08177698300615478
0.05420694979329484
0.046792715800774196
0.04061175519659734
0.040380170568948916
0.024274817376058487
0.019297884979589446
0.014886617926672467
0.03349867949257604
0.011255855648489636
0.017337306288246798
-0.01005894256828867
0.0063697410606710385
0.00037407595571973726
0.004641173523024381
-0.009066472732685245
-0.0009517867927973447
-0.02013410266557639
-0.024603554390887957
-0.013873703445872007
-0.020420515308107214
-0.019270306981436256
-0.025169166051845254
-0.03250614703145701
-0.020254104493766713
-0.036933271688187455
-0.0368002469851387
-0.03725319104217818
-0.02867285016901252
-0.033726696996215035
-0.03909318906111548
-0.03418278003684595
-0.045651979556935965
-0.04770314001137169
-0.05133333816112716
-0.036303605664274784
-0.050301545963720815
-0.03715588639506161
-0.033772891816920864
-0.04373283976331204
-0.06008516311185942
-0.029997288441794705
-0.05840224947796613
-0.052231267575040555
-0.03812137543045856
-0.049937890606227615
-0.034424181445417035
-0.02721462903373622
-0.026208335215608135
-0.046381652437523235
-0.03467494180222242
-0.04517886011566259
-0.031571381945042054
-0.04560607745493466
-0.03129174199604619
-0.034459220917402535
-0.029772625035644346
-0.032717313321821186
-0.03697710401940374
-0.02594584369373873
-0.043824417293968014
-0.04338574099005907
-0.03801332105277113
-0.023326426800666152
-0.030823147835069526
-0.03134774723303072
-0.01612247027146456
-0.01264273916717526
-0.0019533394016379817
-0.011952035396655628
-0.020722026587376253
-0.02415863410558891
-0.009304153173495934
-0.005028153161973218
-0.014698964418947108
-0.009702641530085116
-0.01947350497528816
-0.0052356228674476655
-0.0016824824731461819
-0.002331302873015389
-0.00842021376879034
0.003459154461388783
-0.008976902806432995
-0.002184951542755077
0.0030317357388118943
0.009738832395899842
0.006140640157635796
-0.00036825743559001055
-0.005106123547305533
0.002250802999676427
0.0028504115729394127
0.000684513219988513
0.015133022637452193
0.030837870033938418
0.01905499907033102
0.019690547235608813
0.007487408314170085
0.012447111258410309
0.002057510127368354
0.02748507683917672
0.009062859865895105
0.006023536434299927
0.0007394059901792774
0.0003015760287154688
0.015878104318654922
0.01453957811615897
0.0176157868154671
0.021424899853099918
0.02323738685582137
0.02008279040789064
0.011177607406772573
0.03387170591055635
0.021395006434598095
0.020592486764183814
0.007755613155508802
0.01895417151907325
0.014782937962567388
0.008357327548204802
0.00829095843795744
0.005752425604410413
0.012475347111336056
0.012953102516335878
0.013733968459578697
0.026774601156520656
0.019654292186263033
0.00037341386469375536
0.0018860124627502212
-0.00017466302617592452
0.013282602714566605
0.013979797886095142
0.021668149215675295
-0.004331246868659563
0.022924908385956427
0.01884115065330725
0.003883013061926883
0.01354559574912378
-0.007374627711921763
0.0017190286216672741
0.015738018910100612
0.018101725459034355
0.024201530318249023
0.0029555986772784025
-0.00044814252217826884
-0.0052120801239570426
-0.0052365685381976414
-0.006964495672217448
0.011223267443473035
0.0056647968357938
0.016924855498416266
0.0032248663777673567
-0.008918150292733545
0.0029377061314413565
0.0011660765295224617
-0.0011880914139505443
0.021907881150430176
0.00888697219199411
-0.015774378802372698
0.0029105478020594808
-4.511322520550152e-05
0.003882587010842772
-0.01282395689350197
-0.00872947089332526
-0.003996900477842025
-0.015938085255994966
0.004220687424918768
-0.001452917673912694
0.0021564267187262963
0.001493619376190991
-0.008286173861251727
-0.01731341512859127
0.008641941938821788
0.00253854857347532
-0.006491576961810148
-0.00734000346897993
0.014033849257664061
-0.005454487006545332
0.0001550112613377657
-0.017989827792843874
-0.005685033583133745
-0.017470122051272192
0.004874319345094459
-0.013654651098637414
-0.0030983966791876616
-0.012158945849104806
-0.0008715043356162877
-0.001437003916696199
-0.009618231337307713
-0.008049563029295041
-0.007052787434639782
0.002586295417896456
0.009474510179960798
0.0003922193133434372
-0.006680105832211656
0.004188019966429843
-0.0007263172015152183
-0.0032983080333361574
0.004663066062091548
-0.007570029575072952
-0.006095147230013059
6.351065628785145e-05
-0.011287624983863601
0.0038782061615754695
-0.006677324190474321
-0.022660652169203762
0.01767665114920137
0.008722940709094025
-0.002776720952609276
-0.009903233234955646
-0.005677763201469576
-0.014060303656931054
-0.01469769373652188
0.011261115475920102
-0.013284847951551243
-0.009834469517612151
-0.008417443841826668
-0.016750940114192623
0.00031504833367817543
-0.0029832099360160903
-0.0075413070111851645
0.0015560393768175589
0.007969142726783791
0.007596603857499747
-0.0002814549937456459
-0.004720283330428082
0.005382735197589125
0.007969021100633973
-0.00030925511777594506
0.02235578466283301
-0.0006386367624729872
-0.00033355283081587593
0.00589525468937538
-0.0017238921300819557
-0.01855816064475126
-0.0026053493582196864
-0.011386408285001941
-0.0035506610511697157
-0.01907446110515355
-0.002965259811807373
-0.005087167422189676
-0.005720668380398643
-0.0040071054611890795
0.005636618188341195
0.006350870814945999
0.013868341939368012
0.000937160815130734
-0.004892980234732513
-0.010724724789090796
0.015507173765813027
0.004860025277633636
-0.0023628466341439206
0.006575617751475763
0.0034857333959632877
0.0025157511986482
0.014296595064839743
0.005698486025957111
0.0002184345574874195
-0.002578091973431156
-0.009153157890509113
-0.005399720769991564
-0.00704432603136971
-0.010464399236197828
0.011149892310615903
0.014753677045522199
-0.00831197577248479
-0.0036095315448876307
-0.01739586547987989
-0.0039343013145501475
-0.007090968017297916
0.006651190116552946
0.006310467468646263
-0.004432480401650391
-0.00047753544150181
0.0032125557963931604
-0.013895049008643117
0.003824992452955966
0.0011112857132538707
-0.002171421120467275
0.02114936132610003
0.010879991139907211
-0.0172085486825997
0.013580682464152137
5.122945892057913e-05
-0.0020096675986623755
-0.0021246661508613957
-0.0006817890787380566
0.003883164151720005
0.003482062224346511
0.005184501838394994
0.001130804619191139
-0.008175411757552157
0.00018977472319341344
0.00517157025755783
-0.015563710488829104
0.002073386649483117
-0.010048937212429363
0.004955616377772957
-0.002843416712730854
-0.0031592225027870856
-0.016334779479500353
0.01577563659588254
0.00933992309729849
-0.000505777471458508
0.0037456074089496894
0.0033845335794943626
0.0015092085721492795
-0.01279427554929124
0.007891623607775605
-0.00027078949563154233
-0.009665704138408927
0.0034501976313886396
0.002287566191127566
0.0025106141902273105
-0.0012450053405301642
0.004967255631331196
0.005208871146810657
-0.0054255255973943445
-0.0014805614547937793
0.0022342667650095305
-0.007545172910486882
0.00809527951979663
-0.005240385921929592
0.0018149475146929971
0.00730716974559608
0.020038402155878758
-0.0033651229469366752
0.009833892641830917
0.004311740456810041
-0.009320682357517833
-0.00702860370556099
0.01179991637349283
0.011712601787303349
0.004863802177087681
-0.004053293041368649
-0.008627626894143902
-0.006928935944651854
-0.005325648042594435
-0.0037109673660994723
-0.005387929752301461
-0.0016222026282890264
-0.003002243474583816
-0.0019554003741319376
0.007834443721119737
0.012140372133673952
-0.008693640124227518
-0.0005898712437392307
0.007117932310334574
0.01747177368152869
0.0012162757103964907
-0.0024951083130361493
-0.01461484411846836
0.0028962072953817265
-0.010770610332181406
0.006729012605260876
0.005432293153681284
-0.011584645290704545
0.007414032991128236
0.009601292200017323
-0.0017490135788537956
0.008408234899212613
0.0032838097346220107
-0.00314528978268544
0.015415230406573893
0.006418912949761176
0.003589055150332629
-0.006812266225189753
0.020502500024400083
-0.015360476941945377
-0.007646839190008164
0.0041258119315204875
0.007693450335567797
-0.004228848259053585
0.013812345510337018
-0.00556986905834318
0.0019720614152002993
-0.0006993324820755517
-0.01241772574398452
0.009913741325194746
-0.00610377172941814
-0.008247614363344393
9.769402353187594e-05
-0.008110572095856418
0.00668955953527965
0.014338214891384834
0.00248774180389371
-0.002239373460174998
0.006505059238402473
-0.0049122023917746675
0.006252509490517892
-0.005331559928897526
0.0005537751924145026
-0.013127054083071167
0.002166218867676583
0.008433282471625196
-0.0013822682206056642
0.009637186335795586
-1.2626248884462773e-05
-0.006565638085669859
0.00929052097721444
-0.009289818586161333
0.019469774787118022
0.0007121217997244382
0.0024761731500209244
-0.005030393708431388
0.013185516741581133
0.01293419372277562
0.006236250352206236
-0.009482826141438574
0.002708976995583251
0.0038077405479434497
0.006521531023293046
0.0005974975991969853
-0.005177756990250611
0.006342669772674848
0.001877971845288867
0.005261551240807721
0.012146479120507404
0.006464544505956034
-0.009427590518264282
0.0073065815576671585
-0.01711681733074681
-0.00277131119195427
-0.007300766897962159
-0.0027087413573627333
0.00016610198722280187
-0.0031284218473509946
0.004166891016250701
-0.013165369323216105
0.004337514026775255
-0.005396455706228528
0.002335013479045132
-0.008707366807117771
0.0073193398874538225
0.01088849443995192
0.004387491335821375
0.0012363839061807947
0.007415077474264019
0.0033824273447853686
0.0005572281814694313
-0.008342957854569543
0.0004549529110482514
-0.011954423920553054
-0.007431577530085384
-0.001056060027683706
0.0005492856267155241
-0.00473946456490846
-0.00363206180329006
-0.0018000517439851439
-0.016458694361685716
0.004014710050975439
-0.0157131087233261
-0.004413157086935361
0.0051498241394683725
-0.0034029251253207536
0.007245778993108965
-0.0017398659053719464
0.013513005640858318
0.005609768661165057
-0.0011355005213934681
0.00010708125348588468
0.00905775574354834
-0.0021034224275904958
0.004852574530889479
0.0033100038179935776
-0.0002841471366341731
0.00045604420718104507
-0.005398083238506315
0.0013777022529795125
-0.005317946900751534
0.005524902976152429
0.00462880533489161
-0.001904871638309564
0.0016717080615232523
0.022086518680393196
0.008874256920723142
0.003584598155636053
-0.006118606089936877
0.010176237438650008
0.010307402301466864
0.009492954543813674
-0.012873830773381936
0.0029450892172605135
0.000383745514053385
-0.011069655946072988
-0.005086966646607222
-0.010407794043843267
0.003404011197817707
0.008150519685021798
0.007418464916523615
0.0016029198792560835
-0.01768450091837065
-0.015384565809064958
-0.008622644505667933
-0.002385244616787614
0.0008759691619547013
0.00836177016003532
0.01231228477458545
0.0033276352884195255
-0.0013097356183837004
-0.006158773702955111
0.004027754734567315
0.013568050299982988
0.004718521153913099
-0.0001516835051653669
-0.0020446978723606397
-0.008137956833693335
0.017450001447197078
-0.008831652047077004
-0.0036634099879369764
-0.0016914340758842862
0.002408010316864122
0.0020669468235985965
0.0006941497806843643
-0.016576195752311614
0.018099819129746213
-0.0002986001672375691
0.009949783328593009
0.0021511156586614013
-0.0012501572355264655
-0.003241960645998924
0.014376691168820847
0.020130425041892358
0.00304320636920691
0.0033043849532532928
0.01376953157896114
0.014661813759306518
-0.0015061068534227258
0.00269161186851118
-0.007659070037119649
-0.006570966355600205
0.0015774322152996125
-0.0050588876603996245
0.004347640693992142
-0.005694419316650827
-0.002316626137762439
0.002646131271732809
-0.00853852492127842
0.009323629950651923
-0.007174561726581071
0.0025315878031135345
0.0039915516679769995
0.0013211152909109003
-0.004699665461602017
0.006421024746793102
0.00027276376321021993
-0.0015896467241368437
-0.00041674043881635746
0.00011292743734662992
0.008632326349481469
-0.013291803328420905
-0.009478761281079934
-0.015242177950655498
-0.003869930252639504
0.007539654277960574
-0.0021679708993456994
0.004242367195814201
0.020239082213311756
5.416253804192944e-05
-0.014887307852831358
-0.004151842354311876
-0.001461064057633053
0.007287356503505122
-0.0018799608183082581
0.009464977911843453
0.0046473596120358155
0.0062020558069937936
0.013674317658778131
0.0048126853049867534
-0.004666595183203238
-0.0031108210391109937
-0.0020773006162327443
0.0026445245939099842
0.0049354739355245494
0.01612386804599674
-0.005976157836591603
0.007113332662035571
-0.0008628697618151765
0.012667413885300405
-0.005616493589677701
-0.00046603005614560984
-0.0065737848708967575
0.008979433875781784
0.005871424092647755
0.011399628411397928
-0.002399291219518364
0.009994756107709111
0.0070884325694969665
-0.00123000037692884
-0.00425590344495172
-0.00043494278510925903
0.011248327399728713
0.007380862911027403
0.004812191366330653
-0.003639375037456457
-0.004937523739235022
-0.01502282841035284
0.011083844792555985
-0.005114714493720434
-0.008014760413902809
-0.0120345847476845
-0.004537764199228841
-4.042532214384544e-05
-0.002360481533844699
-0.015637701665872375
-0.0043706745330988105
0.0008903482998511845
0.005915514284626328
0.009900336373203783
-0.010882084928574823
0.0027023633489880175
-0.00545680356930366
-0.006723941808319727
0.0009145560994348602
-0.002624987943091892
0.003819740618767092
0.016177807483645584
0.0002540390353853739
0.006107437887662627
-0.003321536841495843
-0.0016366097193373408
-0.015209514413021173
0.000972285463692306
0.0006397424795282939
-0.0008467621323755831
0.0041695126740736495
0.004513721643001687
-0.011232769643686523
-0.009581639898560982
0.009482507904785293
0.012902166586459988
0.006634846065631613
-0.0017546014292306451
0.005345173602703347
-0.019956207510317323
0.0003989890494161216
-0.002268262227369183
-0.0012281390309116873
0.0010070191668432242
0.0048760847753122494
0.002768898016555249
-0.0023668410385006126
0.007019195930606827
0.027177622052133758
0.006027755397551409
0.00441492066268749
0.004179499073578824
0.01575081228628604
0.01044950433113492
0.006850404335859105
-0.00273173928864834
0.0037543166905001503
0.0013485845189036324
0.011744207537870012
-0.007968554376684485
-0.004927136647590631
-0.00936359042899947
0.009942770837866967
0.00417604165573559
0.005429894872831798
0.0011969863528524152
-0.007194033859473138
0.0013724298932466922
0.004912100200126111
0.01111266751792398
0.0018882073510320262
0.018799731340510183
-0.01283816279139677
0.010761680546967349
-0.0030683377843865275
0.010262651767060762
0.0019404167940966816
-0.005178143642768487
-0.00412688626135096
-0.007917906512679056
-0.01218435431590051
-0.0022382288080021284
0.0028821864305945766
-0.0016856464353276564
-0.02161977906540104
-3.5423387111589947e-06
0.006812315323880453
-0.012300726399074766
0.0018678246935025329
-0.0009412638802250051
-0.00361399239911234
-0.0036527685362371443
-0.00023293876269840657
0.0030600995036616347
0.0077880824775392295
-0.0003642244730304657
0.0055599313278677275
0.003951619273858013
-0.005106610718898772
0.003340165670735075
-0.003574435826472097
0.007834057194525878
-0.010587151840981496
-0.0004966814235359776
-0.00041502271687486505
0.004932177833730533
0.0010553647552351269
-0.009552444597370775
0.011693895790580186
-0.015824266689651634
-0.008420597169398454
-0.007121633231001469
0.00771385419713673
0.00619146750031992
-0.018135012838246985
-0.010844937632855337
-0.0028069897746103283
4.658345490510552e-05
0.0013768455464634472
0.007670575906150306
0.005123817157296444
-0.011519982503607036
0.00931693390205049
-0.0015976875057104026
-0.0004013973859987914
0.0010721508465089686
0.0042839275102019405
-0.0027335445757042487
-0.013435013842405488
-0.004706763531032019
0.0006552361316536675
0.01304929408854735
-0.016007000206099863
-0.004542423301627252
-0.0027925685407831314
-0.008690800930590542
0.00454704519181024
0.0014035412926898256
-0.019967422920452258
0.0040529962109210295
-0.0044492495300159736
-0.0016234651962269539
0.011524952810047154
-0.0032607060691625532
-0.007625743165729859
0.009250557019273268
-0.012251068879801399
0.007324860867955695
0.006702401426929437
-0.006937598496736672
0.0018511927641079004
0.002024607068101794
0.010500391267341331
0.02227781561983706
-0.004861454892985137
-0.004945386891388908
-0.0032840624683625067
0.006102562058405961
0.006156896220713888
0.0014708053749707046
0.006451829042477962
0.0020310272483104867
-0.0027750005760120958
-0.0035115520317050325
-0.0009116908148621087
0.005520534982655
0.00026319100734507677
0.003531761786384158
-0.0014478970138469345
-0.01153797628825914
-0.001197923663307204
-0.006479982717953175
-0.0037441190113268047
-0.005527398951878179
0.013383807580704413
0.0030742091692475813
-0.010091967400805061
-0.006024744186618913
0.001488686978401315
0.005444425704792803
0.011846060437396177
-0.014267549523469963
-0.014171737701371923
0.0034088862466158205
0.0032926751463801373
-0.00043384829812297
0.007861622924832815
0.004358751116542614
-0.0033237478798199636
-0.00535090013084373
-0.0032901739232529927
-0.008075746134249336
0.004915172021838802
-0.0008628398716944641
-0.011601579240872094
0.004572532703996505
0.0028655510453346657
0.012300186826771194
-0.008672767836501795
0.003694105758279247
0.008033055270682548
0.015775918970009767
-0.022142667699373907
-0.008773297101630743
-0.004233784375924489
-0.014974430984628561
-0.008927059776489742
-0.0012132549180861197
0.010902636695361824
-0.003416893054237413
